MapTile 2,000000 4,000000 0,000000 0 5
MapTile 3,000000 4,000000 0,000000 0 5
MapTile 4,000000 4,000000 0,000000 0 5
MapTile 5,000000 4,000000 0,000000 0 5
MapTile 6,000000 4,000000 0,000000 0 5
MapTile 1,000000 4,000000 0,000000 0 5
MapTile 1,000000 5,000000 0,000000 0 5
MapTile 1,000000 6,000000 0,000000 0 5
MapTile 1,000000 7,000000 0,000000 0 5
MapTile 1,000000 8,000000 0,000000 0 5
MapTile 1,000000 9,000000 0,000000 0 5
MapTile 1,000000 10,000000 0,000000 0 5
MapTile 2,000000 10,000000 0,000000 0 5
MapTile 3,000000 10,000000 0,000000 0 5
MapTile 4,000000 10,000000 0,000000 0 5
MapTile 5,000000 10,000000 0,000000 0 5
MapTile 6,000000 10,000000 0,000000 0 5
MapTile 6,000000 9,000000 0,000000 0 0
MapTile 5,000000 9,000000 0,000000 0 0
MapTile 4,000000 9,000000 0,000000 0 0
MapTile 3,000000 9,000000 0,000000 0 0
MapTile 2,000000 9,000000 0,000000 0 0
MapTile 2,000000 8,000000 0,000000 0 0
MapTile 2,000000 7,000000 0,000000 0 0
MapTile 2,000000 6,000000 0,000000 0 0
MapTile 2,000000 5,000000 0,000000 0 0
MapTile 3,000000 5,000000 0,000000 0 0
MapTile 3,000000 6,000000 0,000000 0 0
MapTile 3,000000 7,000000 0,000000 0 0
MapTile 3,000000 8,000000 0,000000 0 0
MapTile 4,000000 8,000000 0,000000 0 0
MapTile 4,000000 7,000000 0,000000 0 0
MapTile 4,000000 5,000000 0,000000 0 0
MapTile 5,000000 5,000000 0,000000 0 0
MapTile 5,000000 8,000000 0,000000 0 0
MapTile 5,000000 7,000000 0,000000 0 0
MapTile 6,000000 8,000000 0,000000 0 0
MapTile 6,000000 7,000000 0,000000 0 0
MapTile 6,000000 6,000000 0,000000 0 0
MapTile 6,000000 5,000000 0,000000 0 0
MapTile 7,000000 5,000000 0,000000 0 0
MapTile 7,000000 6,000000 0,000000 0 0
MapTile 7,000000 7,000000 0,000000 0 0
MapTile 7,000000 8,000000 0,000000 0 0
MapTile 7,000000 9,000000 0,000000 0 0
MapTile 7,000000 10,000000 0,000000 0 5
MapTile 8,000000 10,000000 0,000000 0 5
MapTile 8,000000 9,000000 0,000000 0 5
MapTile 8,000000 5,000000 0,000000 0 5
MapTile 8,000000 4,000000 0,000000 0 5
MapTile 7,000000 4,000000 0,000000 0 5
MapTile 5,000000 6,000000 0,000000 0 0
MapTile 4,000000 6,000000 0,000000 0 0
MapTile 8,000000 8,000000 0,000000 0 0
MapTile 8,000000 7,000000 0,000000 0 0
MapTile 8,000000 6,000000 0,000000 0 0
MapTile 9,000000 8,000000 0,000000 0 0
MapTile 9,000000 7,000000 0,000000 0 0
MapTile 9,000000 6,000000 0,000000 0 0
MapTile 10,000000 8,000000 0,000000 0 0
MapTile 10,000000 7,000000 0,000000 0 0
MapTile 10,000000 6,000000 0,000000 0 0
MapTile 11,000000 9,000000 0,000000 0 0
MapTile 11,000000 8,000000 0,000000 0 0
MapTile 11,000000 10,000000 0,000000 0 0
MapTile 11,000000 7,000000 0,000000 0 0
MapTile 11,000000 6,000000 0,000000 0 0
MapTile 11,000000 5,000000 0,000000 0 0
MapTile 11,000000 4,000000 0,000000 0 0
MapTile 12,000000 10,000000 0,000000 0 0
MapTile 13,000000 10,000000 0,000000 0 0
MapTile 15,000000 10,000000 0,000000 0 0
MapTile 14,000000 10,000000 0,000000 0 0
MapTile 16,000000 10,000000 0,000000 0 0
MapTile 16,000000 9,000000 0,000000 0 0
MapTile 16,000000 8,000000 0,000000 0 0
MapTile 16,000000 7,000000 0,000000 0 0
MapTile 16,000000 6,000000 0,000000 0 0
MapTile 16,000000 5,000000 0,000000 0 0
MapTile 16,000000 4,000000 0,000000 0 0
MapTile 15,000000 4,000000 0,000000 0 0
MapTile 14,000000 4,000000 0,000000 0 0
MapTile 12,000000 4,000000 0,000000 0 0
MapTile 13,000000 4,000000 0,000000 0 0
MapTile 12,000000 5,000000 0,000000 0 0
MapTile 13,000000 6,000000 0,000000 0 0
MapTile 14,000000 7,000000 0,000000 0 0
MapTile 15,000000 8,000000 0,000000 0 0
MapTile 15,000000 9,000000 0,000000 0 0
MapTile 14,000000 9,000000 0,000000 0 0
MapTile 13,000000 9,000000 0,000000 0 0
MapTile 12,000000 9,000000 0,000000 0 0
MapTile 12,000000 8,000000 0,000000 0 0
MapTile 13,000000 8,000000 0,000000 0 0
MapTile 14,000000 8,000000 0,000000 0 0
MapTile 12,000000 7,000000 0,000000 0 0
MapTile 12,000000 6,000000 0,000000 0 0
MapTile 13,000000 7,000000 0,000000 0 0
MapTile 15,000000 7,000000 0,000000 0 0
MapTile 15,000000 6,000000 0,000000 0 0
MapTile 14,000000 6,000000 0,000000 0 0
MapTile 15,000000 5,000000 0,000000 0 0
MapTile 13,000000 5,000000 0,000000 0 0
MapTile 14,000000 5,000000 0,000000 0 0
MapTile 17,000000 10,000000 0,000000 0 0
MapTile 17,000000 9,000000 0,000000 0 0
MapTile 17,000000 7,000000 0,000000 0 0
MapTile 17,000000 8,000000 0,000000 0 0
MapTile 17,000000 6,000000 0,000000 0 0
MapTile 17,000000 5,000000 0,000000 0 0
MapTile 17,000000 4,000000 0,000000 0 0
MapTile 9,000000 9,000000 0,000000 0 5
MapTile 10,000000 9,000000 0,000000 0 5
MapTile 10,000000 10,000000 0,000000 0 5
MapTile 10,000000 11,000000 0,000000 0 5
MapTile 11,000000 11,000000 0,000000 0 5
MapTile 12,000000 11,000000 0,000000 0 5
MapTile 13,000000 11,000000 0,000000 0 5
MapTile 14,000000 11,000000 0,000000 0 5
MapTile 15,000000 11,000000 0,000000 0 5
MapTile 16,000000 11,000000 0,000000 0 5
MapTile 17,000000 11,000000 0,000000 0 5
MapTile 18,000000 11,000000 0,000000 0 5
MapTile 18,000000 10,000000 0,000000 0 5
MapTile 18,000000 9,000000 0,000000 0 5
MapTile 18,000000 8,000000 0,000000 0 5
MapTile 18,000000 7,000000 0,000000 0 5
MapTile 18,000000 6,000000 0,000000 0 5
MapTile 18,000000 5,000000 0,000000 0 5
MapTile 18,000000 4,000000 0,000000 0 5
MapTile 18,000000 3,000000 0,000000 0 5
MapTile 17,000000 3,000000 0,000000 0 5
MapTile 16,000000 3,000000 0,000000 0 5
MapTile 15,000000 3,000000 0,000000 0 5
MapTile 14,000000 3,000000 0,000000 0 5
MapTile 13,000000 3,000000 0,000000 0 5
MapTile 12,000000 3,000000 0,000000 0 5
MapTile 11,000000 3,000000 0,000000 0 5
MapTile 10,000000 3,000000 0,000000 0 5
MapTile 10,000000 4,000000 0,000000 0 5
MapTile 10,000000 5,000000 0,000000 0 5
MapTile 9,000000 5,000000 0,000000 0 5
MapTile 4,000000 8,000000 1,000000 0 96
MapTile 3,000000 8,000000 1,000000 0 96
MapTile 6,000000 4,000000 1,000000 0 5
MapTile 7,000000 4,000000 1,000000 0 5
MapTile 8,000000 4,000000 1,000000 0 5
MapTile 8,000000 5,000000 1,000000 0 5
MapTile 5,000000 4,000000 1,000000 0 5
MapTile 4,000000 4,000000 1,000000 0 5
MapTile 3,000000 4,000000 1,000000 0 5
MapTile 2,000000 4,000000 1,000000 0 5
MapTile 1,000000 4,000000 1,000000 0 5
MapTile 1,000000 5,000000 1,000000 0 5
MapTile 1,000000 7,000000 1,000000 0 5
MapTile 1,000000 6,000000 1,000000 0 5
MapTile 1,000000 8,000000 1,000000 0 5
MapTile 1,000000 9,000000 1,000000 0 5
MapTile 1,000000 10,000000 1,000000 0 5
MapTile 2,000000 10,000000 1,000000 0 5
MapTile 3,000000 10,000000 1,000000 0 5
MapTile 4,000000 10,000000 1,000000 0 5
MapTile 6,000000 10,000000 1,000000 0 5
MapTile 5,000000 10,000000 1,000000 0 5
MapTile 7,000000 10,000000 1,000000 0 5
MapTile 8,000000 10,000000 1,000000 0 5
MapTile 8,000000 9,000000 1,000000 0 5
MapTile 9,000000 5,000000 1,000000 0 5
MapTile 10,000000 5,000000 1,000000 0 5
MapTile 10,000000 4,000000 1,000000 0 5
MapTile 10,000000 3,000000 1,000000 0 5
MapTile 11,000000 3,000000 1,000000 0 5
MapTile 12,000000 3,000000 1,000000 0 5
MapTile 13,000000 3,000000 1,000000 0 5
MapTile 14,000000 3,000000 1,000000 0 5
MapTile 15,000000 3,000000 1,000000 0 5
MapTile 16,000000 3,000000 1,000000 0 5
MapTile 17,000000 3,000000 1,000000 0 5
MapTile 18,000000 3,000000 1,000000 0 5
MapTile 18,000000 11,000000 1,000000 0 5
MapTile 18,000000 10,000000 1,000000 0 5
MapTile 18,000000 9,000000 1,000000 0 5
MapTile 18,000000 8,000000 1,000000 0 5
MapTile 18,000000 7,000000 1,000000 0 5
MapTile 18,000000 6,000000 1,000000 0 5
MapTile 18,000000 5,000000 1,000000 0 5
MapTile 18,000000 4,000000 1,000000 0 5
MapTile 17,000000 11,000000 1,000000 0 5
MapTile 16,000000 11,000000 1,000000 0 5
MapTile 12,000000 11,000000 1,000000 0 5
MapTile 11,000000 11,000000 1,000000 0 5
MapTile 10,000000 11,000000 1,000000 0 5
MapTile 10,000000 10,000000 1,000000 0 5
MapTile 10,000000 9,000000 1,000000 0 5
MapTile 9,000000 9,000000 1,000000 0 5
MapTile 13,000000 10,000000 1,000000 0 96
MapTile 14,000000 10,000000 1,000000 0 96
MapTile 15,000000 10,000000 1,000000 0 96
MapTile 13,000000 11,000000 1,000000 0 5
MapTile 14,000000 11,000000 1,000000 0 5
MapTile 15,000000 11,000000 1,000000 0 5
MapTile 3,000000 7,000000 2,000000 0 96
MapTile 3,000000 6,000000 2,000000 0 96
MapTile 13,000000 11,000000 2,000000 0 96
MapTile 14,000000 11,000000 2,000000 0 96
MapTile 15,000000 11,000000 2,000000 0 96
MapTile 13,000000 12,000000 2,000000 0 5
MapTile 14,000000 12,000000 2,000000 0 5
MapTile 15,000000 12,000000 2,000000 0 5
MapTile 12,000000 11,000000 2,000000 0 5
MapTile 12,000000 12,000000 2,000000 0 5
MapTile 16,000000 11,000000 2,000000 0 5
MapTile 16,000000 12,000000 2,000000 0 5
MapTile 11,000000 11,000000 2,000000 0 5
MapTile 17,000000 11,000000 2,000000 0 5
MapTile 3,000000 5,000000 3,000000 0 96
MapTile 4,000000 5,000000 3,000000 0 96
MapTile 12,000000 12,000000 3,000000 0 5
MapTile 12,000000 13,000000 3,000000 0 5
MapTile 16,000000 12,000000 3,000000 0 5
MapTile 16,000000 13,000000 3,000000 0 5
MapTile 11,000000 13,000000 3,000000 0 5
MapTile 17,000000 13,000000 3,000000 0 5
MapTile 13,000000 13,000000 3,000000 0 0
MapTile 15,000000 13,000000 3,000000 0 0
MapTile 14,000000 13,000000 3,000000 0 0
MapTile 11,000000 14,000000 3,000000 0 0
MapTile 12,000000 14,000000 3,000000 0 0
MapTile 13,000000 14,000000 3,000000 0 0
MapTile 14,000000 14,000000 3,000000 0 0
MapTile 15,000000 14,000000 3,000000 0 0
MapTile 16,000000 14,000000 3,000000 0 0
MapTile 17,000000 14,000000 3,000000 0 0
MapTile 15,000000 12,000000 3,000000 0 96
MapTile 14,000000 12,000000 3,000000 0 96
MapTile 13,000000 12,000000 3,000000 0 96
MapTile 10,000000 14,000000 3,000000 0 0
MapTile 10,000000 15,000000 3,000000 0 0
MapTile 11,000000 15,000000 3,000000 0 0
MapTile 12,000000 15,000000 3,000000 0 0
MapTile 13,000000 15,000000 3,000000 0 0
MapTile 15,000000 15,000000 3,000000 0 0
MapTile 14,000000 15,000000 3,000000 0 0
MapTile 18,000000 15,000000 3,000000 0 0
MapTile 18,000000 14,000000 3,000000 0 0
MapTile 16,000000 15,000000 3,000000 0 48
MapTile 17,000000 15,000000 3,000000 0 48
MapTile 16,000000 16,000000 3,000000 0 48
MapTile 15,000000 16,000000 3,000000 0 48
MapTile 17,000000 16,000000 3,000000 0 48
MapTile 18,000000 16,000000 3,000000 0 0
MapTile 14,000000 16,000000 3,000000 0 0
MapTile 12,000000 16,000000 3,000000 0 0
MapTile 13,000000 16,000000 3,000000 0 0
MapTile 11,000000 16,000000 3,000000 0 0
MapTile 10,000000 16,000000 3,000000 0 0
MapTile 10,000000 13,000000 3,000000 0 5
MapTile 9,000000 13,000000 3,000000 0 5
MapTile 9,000000 14,000000 3,000000 0 5
MapTile 9,000000 15,000000 3,000000 0 5
MapTile 9,000000 16,000000 3,000000 0 5
MapTile 9,000000 17,000000 3,000000 0 5
MapTile 10,000000 17,000000 3,000000 0 5
MapTile 11,000000 17,000000 3,000000 0 5
MapTile 12,000000 17,000000 3,000000 0 5
MapTile 13,000000 17,000000 3,000000 0 5
MapTile 14,000000 17,000000 3,000000 0 5
MapTile 15,000000 17,000000 3,000000 0 5
MapTile 16,000000 17,000000 3,000000 0 5
MapTile 17,000000 17,000000 3,000000 0 5
MapTile 18,000000 17,000000 3,000000 0 5
MapTile 19,000000 17,000000 3,000000 0 5
MapTile 19,000000 16,000000 3,000000 0 5
MapTile 19,000000 15,000000 3,000000 0 5
MapTile 19,000000 14,000000 3,000000 0 5
MapTile 19,000000 13,000000 3,000000 0 5
MapTile 18,000000 13,000000 3,000000 0 5
MapTile 12,000000 11,000000 3,000000 0 5
MapTile 16,000000 11,000000 3,000000 0 5
MapTile 4,000000 6,000000 4,000000 0 96
MapTile 4,000000 7,000000 4,000000 0 96
MapTile 5,000000 7,000000 4,000000 0 0
MapTile 5,000000 6,000000 4,000000 0 0
MapTile 5,000000 5,000000 4,000000 0 0
MapTile 5,000000 8,000000 4,000000 0 0
MapTile 6,000000 8,000000 4,000000 0 0
MapTile 6,000000 7,000000 4,000000 0 0
MapTile 6,000000 5,000000 4,000000 0 0
MapTile 6,000000 6,000000 4,000000 0 0
MapTile 7,000000 5,000000 4,000000 0 0
MapTile 7,000000 6,000000 4,000000 0 0
MapTile 7,000000 7,000000 4,000000 0 0
MapTile 7,000000 8,000000 4,000000 0 0
MapTile 7,000000 9,000000 4,000000 0 0
MapTile 6,000000 9,000000 4,000000 0 0
MapTile 5,000000 9,000000 4,000000 0 0
MapTile 4,000000 9,000000 4,000000 0 0
MapTile 3,000000 9,000000 4,000000 0 0
MapTile 2,000000 9,000000 4,000000 0 0
MapTile 2,000000 7,000000 4,000000 0 0
MapTile 2,000000 6,000000 4,000000 0 0
MapTile 2,000000 5,000000 4,000000 0 0
MapTile 2,000000 8,000000 4,000000 0 0
MapTile 2,000000 4,000000 4,000000 0 0
MapTile 3,000000 4,000000 4,000000 0 0
MapTile 5,000000 4,000000 4,000000 0 0
MapTile 6,000000 4,000000 4,000000 0 0
MapTile 7,000000 4,000000 4,000000 0 0
MapTile 4,000000 4,000000 4,000000 0 0
MapTile 8,000000 6,000000 4,000000 0 5
MapTile 8,000000 7,000000 4,000000 0 5
MapTile 8,000000 9,000000 4,000000 0 5
MapTile 8,000000 8,000000 4,000000 0 5
MapTile 8,000000 5,000000 4,000000 0 5
MapTile 8,000000 4,000000 4,000000 0 5
MapTile 8,000000 3,000000 4,000000 0 5
MapTile 7,000000 3,000000 4,000000 0 5
MapTile 5,000000 3,000000 4,000000 0 5
MapTile 4,000000 3,000000 4,000000 0 5
MapTile 3,000000 3,000000 4,000000 0 5
MapTile 2,000000 3,000000 4,000000 0 5
MapTile 1,000000 3,000000 4,000000 0 5
MapTile 1,000000 4,000000 4,000000 0 5
MapTile 1,000000 5,000000 4,000000 0 5
MapTile 1,000000 7,000000 4,000000 0 5
MapTile 1,000000 6,000000 4,000000 0 5
MapTile 1,000000 8,000000 4,000000 0 5
MapTile 1,000000 9,000000 4,000000 0 5
MapTile 1,000000 10,000000 4,000000 0 5
MapTile 3,000000 10,000000 4,000000 0 5
MapTile 2,000000 10,000000 4,000000 0 5
MapTile 4,000000 10,000000 4,000000 0 5
MapTile 5,000000 10,000000 4,000000 0 5
MapTile 6,000000 10,000000 4,000000 0 5
MapTile 7,000000 10,000000 4,000000 0 5
MapTile 8,000000 10,000000 4,000000 0 5
MapTile 12,000000 13,000000 4,000000 0 5
MapTile 11,000000 13,000000 4,000000 0 5
MapTile 10,000000 13,000000 4,000000 0 5
MapTile 9,000000 13,000000 4,000000 0 5
MapTile 9,000000 14,000000 4,000000 0 5
MapTile 9,000000 15,000000 4,000000 0 5
MapTile 9,000000 16,000000 4,000000 0 5
MapTile 9,000000 17,000000 4,000000 0 5
MapTile 10,000000 17,000000 4,000000 0 5
MapTile 11,000000 17,000000 4,000000 0 5
MapTile 12,000000 17,000000 4,000000 0 5
MapTile 13,000000 17,000000 4,000000 0 5
MapTile 14,000000 17,000000 4,000000 0 5
MapTile 15,000000 17,000000 4,000000 0 5
MapTile 16,000000 17,000000 4,000000 0 5
MapTile 17,000000 17,000000 4,000000 0 5
MapTile 18,000000 17,000000 4,000000 0 5
MapTile 19,000000 17,000000 4,000000 0 5
MapTile 19,000000 16,000000 4,000000 0 5
MapTile 19,000000 15,000000 4,000000 0 5
MapTile 19,000000 14,000000 4,000000 0 5
MapTile 19,000000 13,000000 4,000000 0 5
MapTile 18,000000 13,000000 4,000000 0 5
MapTile 17,000000 13,000000 4,000000 0 5
MapTile 16,000000 13,000000 4,000000 0 5
MapTile 16,000000 12,000000 4,000000 0 5
MapTile 12,000000 12,000000 4,000000 0 5
MapTile 8,000000 10,000000 5,000000 0 5
MapTile 6,000000 10,000000 5,000000 0 5
MapTile 7,000000 10,000000 5,000000 0 5
MapTile 5,000000 10,000000 5,000000 0 5
MapTile 3,000000 10,000000 5,000000 0 5
MapTile 4,000000 10,000000 5,000000 0 5
MapTile 1,000000 10,000000 5,000000 0 5
MapTile 2,000000 10,000000 5,000000 0 5
MapTile 1,000000 9,000000 5,000000 0 5
MapTile 1,000000 8,000000 5,000000 0 5
MapTile 1,000000 7,000000 5,000000 0 5
MapTile 1,000000 6,000000 5,000000 0 5
MapTile 1,000000 4,000000 5,000000 0 5
MapTile 1,000000 3,000000 5,000000 0 5
MapTile 1,000000 5,000000 5,000000 0 5
MapTile 2,000000 3,000000 5,000000 0 5
MapTile 4,000000 3,000000 5,000000 0 5
MapTile 3,000000 3,000000 5,000000 0 5
MapTile 5,000000 3,000000 5,000000 0 5
MapTile 7,000000 3,000000 5,000000 0 5
MapTile 8,000000 3,000000 5,000000 0 5
MapTile 8,000000 4,000000 5,000000 0 5
MapTile 8,000000 5,000000 5,000000 0 5
MapTile 8,000000 6,000000 5,000000 0 5
MapTile 8,000000 7,000000 5,000000 0 5
MapTile 8,000000 8,000000 5,000000 0 5
MapTile 8,000000 9,000000 5,000000 0 5
MapTile 6,000000 3,000000 6,000000 0 5
MapTile 5,000000 3,000000 6,000000 0 5
MapTile 4,000000 3,000000 6,000000 0 5
MapTile 8,000000 3,000000 6,000000 0 5
MapTile 8,000000 4,000000 6,000000 0 5
MapTile 8,000000 5,000000 6,000000 0 5
MapTile 7,000000 3,000000 6,000000 0 5
